196
71
185
53
246
257
144
160
52
233
80
127
138
202
67
40
72
86
5
112
69
115
73
258
171
133
206
238
142
195
191
107
190
250
16
263
226
136
31
225
146
91
189
3
89
148
12
47
36
176
84
28
199
186
24
168
132
201
249
153
121
9
113
173
42
205
182
32
145
122
65
39
260
210
27
114
163
236
56
256
237
188
242
174
150
104
62
79
100
117
25
131
193
252
75
139
109
93
6
68
14
130
184
116
19
228
230
17
106
140
198
234
125
128
177
118
161
224
61
81
166
211
41
141
126
76
34
180
212
183
187
2
239
162
218
44
167
38
178
155
29
13
197
214
92
108
156
255
151
78
50
88
217
229
10
64
99
111
254
23
222
143
232
240
45
235
15
262
175
147
223
85
35
55
123
203
74
164
244
57
200
241
213
63
207
33
26
98
204
66
247
137
170
129
181
220
194
209
219
157
253
102
264
221
216
30
7
83
154
261
169
51
208
251
105
120
21
119
43
87
11
124
49
134
158
96
77
46
243
60
165
97
20
227
192
135
82
94
259
245
152
8
18
54
101
58
95
90
22
159
59
48
4
70
248
149
265
231
37
1
215
179
172