151
33
48
102
195
218
181
183
250
261
95
87
222
190
199
162
146
223
76
7
133
132
125
127
24
142
232
256
126
147
69
34
59
96
89
72
242
225
11
8
175
28
53
91
131
23
99
245
163
79
246
254
136
173
180
106
203
249
228
90
263
177
78
138
247
46
166
114
148
198
196
60
1
193
179
97
182
171
12
220
16
130
57
194
184
21
156
54
100
211
66
14
234
205
157
189
152
252
83
112
25
36
230
168
15
143
49
265
55
165
63
150
67
118
262
35
86
5
74
4
128
139
260
122
251
104
264
29
80
45
167
39
47
204
107
226
115
85
207
62
154
27
68
94
117
176
239
43
82
116
259
191
134
174
73
6
255
81
88
153
71
137
93
216
237
224
41
92
32
258
113
158
31
214
170
37
84
236
51
121
208
186
161
257
56
135
243
9
201
172
19
209
98
200
231
188
215
169
238
52
248
160
40
101
20
187
38
219
129
212
105
123
240
213
13
119
253
235
229
227
144
206
111
64
210
2
50
140
164
70
109
108
197
185
30
233
77
221
10
155
217
65
26
178
18
17
192
149
145
61
241
58
75
124
141
202
22
120
3
44
159
42
244